318920647
325069737
325460573
321458660
330396347
328782951
330404743
325474628
330510778
330457398
322628523
327355910
334407078
342537460
331753946
330951751
334907890
333110106
332896429
333458002
339222017
340485622
337545555
340410879
331692825
340829414
341541399
341545778
334407001
334838178
338066028
331727097
337998116
337263327
337637794
337637774
339715515
331303237
352680372
349754415
352289940
348404839
346661047
350997570
345109750
345836492
351365505
349850739
355223301
343444424
343401968
348363429
351127289
348857058
362480219
343976816
353652243
364398966
365048615
360463739
361838238
356617240
363793949
358337418
357314253
359212524
361592881
364986169
356361522
359694110
359629650
356688331
359325022
362276581
357419851
359746675
357012038
358213941
362705324
361957895
374875260
372668302
373998008
374843700
367121705
376182935
376025262
367572312
371035152
369727278
372225054
369803887
372225075
374405022
376526592
368982863
367191523
372646851
373915557
367647974
380850341
381482478
383555931
381624604
378400846
380832946
384732413
382266192
383494370
381906869
377087238
379171178
380254306
377087233
378874623
382254727
378482156
380639744
380907536
377361259
385668029
379171172
378787874
377111874
381455029
389189023
389180092
386117525
390021196
388822806
388559448
393833233
386061395
389126587
386849789
387106430
391128186
391569711
388522993
396172459
393384387
388498067
393856412
388517627
388518495
394028481
391092091
389042094
391327430
393081971
394049243
388515204
395302485
389390288
405771319
403306590
407141164
401284373
402271042
400350231
403440465
407121922
403440490
396994777
398237890
397435449
400738725
399354323
396261371
398529500
398556883
396644721
399525669
423001737
423622324
420519753
416149605
423068187
414079828
411939577
423660810
417771900
408849390
420739647
415598627
411900910
416198369
411052447
423452082
413790872
422737964
409925446
430848384
432113640
434934370
431980497
430023138
429183470
428092088
433433831
432616857
424220266
425448780
424501338
429074099
432408465
426217170
429982904
442639647
447551902
447864331
446267449
437698324
442691757
437729640
443256624
440423475
436832275
448181382
448153798
444932491
440128994
440129096
446550246
447720834
445857018
439170949
436930039
437817385
446158408
442134172
448038854
448153821
446550252
452162717
453574411
449265528
449986308
450597777
453839852
450586920
453636815
454183734
453716611
451644480
452550530
452753074
452121409
454769765
